20
151.80
120.00
106.00
106.60
120.00
101.20
107.60
106.40
105.60
105.00
106.80
100.40
101.40
105.00
105.60
113.80
98.00
110.40
111.20
103.80
112.20
103.60
110.60
115.40
96.80
120.80
90.20
103.00
96.20
116.40
106.00
107.80
107.00
106.20
93.40
103.80
112.60
113.00
104.60
106.40
108.20
116.60
122.20
113.20
124.60
128.20
128.60
125.00
129.20
141.60
144.00
160.20
155.60
147.80
155.80
163.40
162.80
167.40
175.40
190.60
200.80
215.00
214.80
226.60
236.80
264.20
292.40
321.20
347.20
379.00
414.20
452.20
516.80
579.60
645.00
718.80
742.20
757.00
752.20
722.80
709.20
729.60
746.00
737.80
761.40
790.20
787.00
766.40
743.20
713.80
627.80
548.00
471.80
403.60
337.60
294.60
249.60
204.40
186.00
168.20
137.40
124.80
110.40
110.60
98.00
123.80
106.40
112.60
80.80
108.40
88.60
87.80
109.20
111.40
96.80
92.20
94.20
108.60
114.80
97.60
115.40
116.40
96.40
102.40
104.00
103.80
86.20
116.60
103.80
111.00
103.80
100.60
116.00
103.60
111.80
89.40
112.60
119.40
113.20
114.40
94.80
106.40
112.40
117.80
104.40
109.20
111.40
127.80
120.80
135.00
127.20
143.60
117.80
144.40
166.80
168.80
166.40
180.80
189.00
195.40
190.80
224.00
228.40
255.80
261.20
300.00
309.80
335.00
366.80
404.60
420.80
482.80
550.00
609.00
682.60
790.00
769.20
764.20
734.40
705.40
725.80
703.80
705.40
722.00
743.80
754.20
756.60
756.80
748.20
714.20
669.60
602.00
541.40
460.00
400.40
337.20
293.20
256.60
204.40
165.80
148.40
132.60
